glass_cup n=20 top=99.7 rim=102 floor=3
  r0 3 [87.7,96.5,105.8]
  r1 3 [91.1,100.5,109.9]
  r2 4 [86.4,95.2,104.5,113.9]
  r3 3 [89.9,99.2,108.6]
  r4 4 [84.9,93.9,103.3,112.6]
  r5 3 [90.6,100,109.3]
ice_bucket n=31 top=89.7 rim=98 floor=5
  r0 5 [76.6,86.6,97.5,108.4,119.3]
  r1 5 [79.8,90.7,101.6,112.5,123.4]
  r2 5 [73.8,83.9,94.8,105.7,116.6]
  r3 5 [77.1,88,98.9,109.8,120.8]
  r4 6 [72.5,81.2,92.1,103,114,124.9]
  r5 5 [76.4,87.3,98.2,109.2,120.1]
pitcher n=27 top=94.5 rim=100 floor=4
  r0 4 [87.2,95,103.6,112.2]
  r1 3 [89.9,98.4,107]
  r2 4 [85.2,93.3,101.9,110.4]
  r3 4 [88.1,96.7,105.3,113.9]
  r4 4 [83.5,91.5,100.1,108.7]
  r5 4 [86.4,95,103.5,112.1]
  r6 4 [83.6,91.8,100.4,109]